export const mrt3Stations = [
  'North Ave', 'Quezon Ave', 'Kamuning', 'Cubao', 'Santolan', 'Ortigas', 
  'Shaw Blvd', 'Boni', 'Guadalupe', 'Buendia', 'Ayala', 'Magallanes', 'Taft Ave'
];

export const mrt3Matrix = [
  [13, 13, 13, 16, 16, 20, 20, 20, 24, 24, 24, 28, 28],
  [13, 13, 13, 13, 16, 16, 20, 20, 20, 24, 24, 24, 28],
  [13, 13, 13, 13, 13, 16, 16, 20, 20, 20, 24, 24, 24],
  [16, 13, 13, 13, 13, 13, 16, 16, 20, 20, 20, 24, 24],
  [16, 16, 13, 13, 13, 13, 13, 16, 16, 20, 20, 20, 24],
  [20, 16, 16, 13, 13, 13, 13, 13, 16, 16, 20, 20, 20],
  [20, 20, 16, 16, 13, 13, 13, 13, 13, 16, 16, 20, 20],
  [20, 20, 20, 16, 16, 13, 13, 13, 13, 13, 16, 16, 20],
  [24, 20, 20, 20, 16, 16, 13, 13, 13, 13, 13, 16, 16],
  [24, 24, 20, 20, 20, 16, 16, 13, 13, 13, 13, 13, 16],
  [24, 24, 24, 20, 20, 20, 16, 16, 13, 13, 13, 13, 13],
  [28, 24, 24, 24, 20, 20, 20, 16, 16, 13, 13, 13, 13],
  [28, 28, 24, 24, 24, 20, 20, 20, 16, 16, 13, 13, 13],
];

export const lrta2Stations = [
  'Recto', 'Legarda', 'Pureza', 'V. Mapa', 'J. Ruiz', 'Gilmore',
  'Betty Go', 'Cubao', 'Anonas', 'Katipunan', 'Santolan', 'Marikina', 'Antipolo'
];

export const lrta2Matrix = [
  [13, 15, 16, 18, 19, 21, 22, 23, 25, 26, 28, 31, 33],
  [15, 13, 15, 17, 18, 19, 21, 22, 24, 25, 27, 29, 32],
  [16, 15, 13, 15, 16, 18, 19, 20, 22, 23, 26, 28, 30],
  [18, 17, 15, 13, 15, 16, 17, 19, 20, 22, 24, 26, 29],
  [19, 18, 16, 15, 13, 14, 16, 17, 19, 20, 22, 24, 27],
  [21, 19, 18, 16, 14, 13, 15, 16, 18, 19, 21, 23, 26],
  [22, 21, 19, 17, 16, 15, 13, 15, 16, 18, 20, 22, 25],
  [23, 22, 20, 19, 17, 16, 15, 13, 15, 16, 19, 21, 23],
  [25, 24, 22, 20, 19, 18, 16, 15, 13, 14, 17, 19, 22],
  [26, 25, 23, 22, 20, 19, 18, 16, 14, 13, 16, 18, 21],
  [28, 27, 26, 24, 22, 21, 20, 19, 17, 16, 13, 15, 18],
  [31, 29, 28, 26, 24, 23, 22, 21, 19, 18, 15, 13, 16],
  [33, 32, 30, 29, 27, 26, 25, 23, 22, 21, 18, 16, 13],
];
